scan_above_JA : [2.1970608234405518, -1.4490492979632776, 1.4748778343200684, -1.5970647970782679, -1.5656207243548792, 0.6290609836578369]
scan_east_JA : [1.9003965854644775, -0.9229047934161585, 0.9517030715942383, -0.8697541395770472, -1.278642479573385, 0.2695581912994385]
HOME_JA : [0, -1.5707963267948966, 0, -1.5707963267948966, 0, 0]
scan_south_JA : [0.9934922456741333, -1.4853537718402308, 2.174623966217041, -1.0154908339129847, -0.5669377485858362, 0.298106849193573]
scan_west_JA : [2.8075335025787354, -1.613664452229635, 2.394322633743286, -2.7840989271747034, -2.4063168207751673, 1.1016199588775635]
scan_north_JA : [2.5481276512145996, -0.6391804854022425, 0.5372920036315918, -0.7805007139789026, -1.9927471319781702, 2.6845877170562744]

